126 236 85 18
354 283 261 17
1193 677 316 12
1512 790 296 18
2376 1160 459 14
3324 1299 500 14
4409 1431 666 17
5469 1937 825 19
5559 2045 1189 18
5675 2403 1350 20
9871 3633 1232 22
9517 3799 1464 20
14386 4888 1619 29
21680 6527 1587 22
23587 5982 3152 19
24134 7093 2110 24
33478 8456 2582 26
29489 7684 2612 27
26580 7675 5013 24
35515 10227 3856 23
65590 11384 5218 25
67257 13852 3688 28
44629 11950 3882 35
71100 12501 4744 33
84211 19293 6037 28
62319 16083 4381 35
90942 20732 7053 35
79752 19967 7228 33
118757 23078 7184 37
103049 22458 8323 35
131426 26148 13931 39
151764 25423 15578 34
167778 27325 9239 40
157819 29410 8927 38
187543 29674 15529 42
136421 29596 8171 41
204215 33076 11099 41
230507 40064 15747 41
207846 34455 14172 42
226400 38000 12639 41
243383 37968 18207 46
275861 45459 17806 43
308514 47251 13978 43
317575 65455 20912 47
300347 51460 10734 44
245503 44998 12339 48
332221 52031 23282 46
304728 49773 21792 49
357161 52549 12981 47
305467 58365 18209 49
327235 57155 13343 49
400486 65703 32149 63
392110 67528 23139 65
412290 65923 14262 61
453079 75556 23338 59
449491 64825 22373 54
575442 73658 33366 51
651062 108513 27293 84
552702 87630 32531 63
517655 78127 39166 65
549911 79979 21616 64
624264 84657 25477 60
613754 83886 25672 64
635363 92211 20026 78
771507 102526 35191 69
539239 93071 21306 57
664771 101111 25964 67
821947 110898 24861 71
633756 105760 27182 61
777245 101883 27440 67
697300 102304 34827 63
875184 107903 30755 77
882963 118086 27393 74
879323 128798 45614 69
1162156 138270 75329 73
792058 121590 33889 80
988605 129563 64819 77
922376 139748 30637 67
1017808 141381 32578 73
1070005 137173 61253 79
1471396 156821 33771 76
1026194 146398 50391 69
1105770 146187 42703 80
1333780 173859 35137 75
1498897 168525 60065 84
1544896 172443 44659 86
1424984 176337 54199 77
1461413 181264 32458 79
1291156 180906 50090 81
1852365 183221 82363 86
1669352 186118 74776 83
1905680 195288 92306 92
1814949 194853 42952 86
1948079 202335 75565 98
1995711 197526 38239 82
1678869 210562 90679 83
1905515 229449 41304 96
