6 -7 -1
-6 3 -10
-10 2 1
-9 10 -9
10 -9 -10
0 -8 9
1 -6 4
10 6 1
2 -7 10
4 0 -8
-9 -4 10
5 3 -5
-10 -7 -6
-7 6 -7
10 2 -5
-10 9 3
1 5 -1
6 -6 -6
-10 -7 8
-4 0 -10
-4 0 2
-4 -7 -8
10 2 -7
10 1 3
10 3 -6
-1 9 -6
9 -2 -6
9 -4 9
-7 9 9
3 -4 1
-6 8 2
-8 6 9
5 7 3
7 8 1
6 -5 3
-3 4 -5
2 5 2
2 -5 -8
2 -6 5
-9 3 -4
7 -8 7
-4 -1 10
5 -1 4
1 -7 2
2 6 -4
8 4 -9
8 -4 10
-2 -4 3
3 9 0
-5 4 2
-5 7 1
8 3 3
-2 4 -10
10 -2 -6
-2 1 10
5 0 -10
2 -5 8
-9 3 7
-2 1 -9
-5 2 -7
7 -5 6
9 -8 6
10 0 3
6 10 6
1 -10 8
-8 -7 10
9 -4 9
10 -9 -8
-1 -2 3
-10 1 9
9 -7 1
2 -2 -3
6 0 -10
6 10 5
-6 8 8
-2 -8 3
2 -6 -10
-6 -7 -9
-10 1 -9
10 -3 -4
-6 2 5
