4 1 1
3 -2 -7
5 -6 4
-3 2 -2
-4 -5 -8
1 -4 -6
-2 9 -4
3 4 10
4 -3 -6
1 6 -4
-9 6 4
4 -5 6
-6 -5 -10
1 2 -5
-6 4 -4
-5 -5 2
6 2 -1
8 8 8
-1 6 -3
9 9 4
-3 7 4
2 -1 6
1 -3 8
0 -9 1
-7 -8 -5
4 5 6
-5 5 9
-8 -1 2
0 9 -3
3 2 -10
-1 -4 -9
10 -10 5
7 6 -7
-6 -4 10
0 4 9
-4 6 1
-5 -4 1
9 -2 -2
-2 -3 0
-6 8 6
-7 -10 2
-5 -7 3
-8 8 4
9 -1 8
5 -10 0
10 -1 1
-2 3 10
-2 -6 -5
-3 4 -10
-1 -1 1
9 1 -8
-3 8 4
10 4 -7
4 -4 8
-4 -6 -4
8 -4 7
-5 -7 0
3 -4 5
-4 10 9
9 8 1
6 8 0
6 10 -9
-8 0 -8
-2 -1 6
8 -7 -7
10 -10 7
3 -8 -8
10 6 8
-4 3 -3
-5 2 0
-3 7 -1
4 3 5
-5 5 9
4 -5 9
-7 -7 -4
3 0 0
-1 -8 4
5 -9 6
-8 -3 -5
0 5 7
0 3 -3
-2 1 -9
-2 9 -8
-4 -7 -7
-7 6 -9
-6 -1 10
-10 10 5
-10 -7 -7
