2 5 1
4 -8 -1
4 1 -7
-5 -8 -2
-5 -1 3
-9 -3 6
-9 5 4
-5 -2 -2
-6 6 -1
4 -10 -8
8 9 -5
0 10 0
-4 -6 1
-1 -7 -6
1 10 -10
-5 -5 3
1 -3 -8
-7 10 -4
-8 7 6
6 -4 3
1 -2 -8
7 -1 6
1 -7 -10
-5 10 6
-6 10 -10
7 -2 1
1 10 6
-1 -5 -6
4 -2 -9
-1 -5 5
-8 10 0
9 -8 -5
3 3 8
3 9 -5
-7 -9 6
-6 -5 2
-10 -7 -2
-1 -3 -3
-6 -7 -9
6 8 2
6 6 -9
-10 8 -6
-2 9 -10
1 -6 -8
3 0 3
2 8 -3
8 5 -7
1 -8 -4
-8 -5 4
2 6 -2
7 10 -5
-1 -6 10
-9 3 -2
-1 -7 -8
5 -5 -9
0 -1 -5
2 -5 9
3 0 1
-8 -6 8
-3 -3 -8
1 8 -7
5 4 -7
-4 7 -4
6 -10 -9
-2 -3 3
-9 -1 6
10 -1 -5
