-3 -1 -9
-10 -4 -2
-7 3 -8
-5 -2 1
5 -2 9
-4 4 -10
-3 5 -6
1 -1 5
-10 -3 10
-6 -3 -5
-4 6 6
0 6 6
-5 2 -2
-5 10 -5
10 10 -8
-4 -8 8
-4 -2 0
0 4 2
0 0 0
0 7 -6
1 -5 -7
6 -8 -5
10 4 -8
6 6 -4
5 10 3
2 -8 -4
-9 -3 -1
7 9 -9
2 5 3
4 5 -10
-6 -8 3
0 6 -2
-1 5 0
5 -3 -7
-10 -7 -6
5 -2 6
2 -6 -1
-7 -4 -5
7 4 -6
-7 7 8
-7 5 1
-10 2 -4
5 6 8
-9 -2 4
-1 6 3
-6 1 10
9 0 -1
-5 -6 -8
5 -6 10
3 -8 5
-10 -2 -7
-10 -1 -2
1 -6 -2
8 -2 -4
-5 9 7
-5 4 2
10 -6 -8
8 10 8
-3 -9 6
-1 8 3
9 8 -8
2 -2 4
-1 5 9
2 -10 -5
-5 2 -4
4 6 5
1 5 8
6 0 10
-8 -7 -1
4 -8 1
-3 3 -10
-8 4 -7
3 -10 2
-7 -1 -9
-8 -3 9
6 -10 9
-10 2 6
8 8 -7
6 4 -5
6 10 0
6 -2 7
-2 -5 -5
1 -1 0
5 -6 9
-1 -4 10
4 4 -4
0 5 6
2 0 -10
5 -2 -2
8 9 -4
-6 -1 -4
4 4 -3
-3 2 -8
-6 2 5
-3 -7 7
-10 -7 -8
-5 -5 9
0 -9 8
0 -2 -1
-5 -4 -10
