3 1 10
9 -2 6
-5 -5 5
0 -4 -7
9 3 -2
-10 10 8
4 9 4
-4 -8 5
4 -7 -2
-7 2 3
-6 6 -1
10 8 -10
-2 3 10
-7 -5 -1
-4 -7 0
3 5 -7
-4 5 -6
0 0 -6
0 -7 9
4 -7 4
9 9 0
4 9 3
6 -10 -5
7 -5 -9
9 6 2
-1 -9 -5
1 -9 -10
-6 4 0
2 9 8
-7 4 8
2 3 4
0 6 -8
6 7 -2
0 3 -1
-3 10 1
4 5 10
-5 0 3
-1 -8 1
1 6 -9
3 9 -2
-5 1 6
-5 -2 10
-7 1 -1
-2 1 5
-3 -4 1
-5 -9 7
-9 3 -2
4 1 -7
10 3 1
0 -4 -5
-1 5 1
8 2 -1
9 -7 6
-3 -7 -9
3 -9 -6
7 -5 -2
2 -9 -3
-6 -3 1
0 -9 -10
5 2 10
10 -6 -6
4 3 0
-4 -9 6
2 10 2
-4 -8 -1
-7 2 6
-1 4 0
-10 -3 -2
5 -2 8
-10 7 -4
-1 2 -5
2 10 -3
