8 -1 -9
1 -10 7
-3 -3 -5
-9 -3 -2
-6 -3 5
-9 -2 -9
-5 -4 -8
-1 1 -5
-10 3 1
-5 -4 -8
-8 -6 6
-2 2 -4
-4 10 2
7 -7 0
3 -4 7
7 5 10
-6 1 -10
2 -1 9
-5 6 -7
-9 -9 -6
6 9 -10
5 3 3
-3 -4 -5
-4 6 1
1 -7 2
0 -7 9
1 -3 -10
-2 -5 10
5 5 -1
1 2 7
-5 9 -2
-10 4 -2
2 3 -10
-3 -7 -2
-1 -7 10
-1 3 4
8 -3 6
7 0 6
5 0 5
4 6 7
7 -1 -6
-9 1 8
-6 10 9
-1 2 3
-8 4 9
-8 0 -6
3 -8 6
0 9 -3
0 6 8
-9 7 -6
7 4 -4
-9 8 -10
6 -1 -3
-2 10 1
-4 1 -2
7 0 -8
6 0 -10
-3 -6 2
5 -8 -4
2 5 5
-6 -1 -8
-6 1 6
5 3 -10
-2 4 10
-7 -2 9
-4 7 -9
