5 -8 7
1 0 3
-4 10 -9
-7 -2 7
6 -3 -2
-4 -5 -4
9 2 -5
9 3 -9
9 -7 -2
-3 6 9
7 4 4
7 10 -10
6 -1 7
6 3 -6
2 8 -4
-8 -1 -7
9 3 10
10 5 5
-10 8 6
0 7 -3
4 -10 1
4 4 -9
-1 10 -5
3 7 -7
-9 7 7
-1 0 -6
6 9 5
-8 0 4
0 4 -4
3 0 -6
-8 -9 -6
-1 3 9
7 -2 -8
9 -2 6
4 10 4
-8 -10 -1
2 -10 -9
-10 2 -8
2 4 -5
-4 6 -2
2 4 4
6 -9 -10
-7 -3 -5
7 -5 -4
-8 6 4
2 -4 0
-6 -5 -3
5 -3 -6
-4 -4 3
0 0 -9
5 -6 -3
0 0 10
0 5 -7
6 8 10
-3 10 10
-5 2 -4
-6 -1 -8
8 0 7
8 3 -6
2 -7 -9
-1 -7 -5
-6 0 1
-4 -1 -8
-8 -7 6
-10 8 8
7 -9 -7
2 2 -10
-8 -2 -10
2 -9 7
-6 2 7
-6 -2 6
-7 9 5
9 -2 -5
-1 -10 4
-8 8 -5
8 5 -8
2 5 1
-6 -1 2
-4 7 7
6 0 -10
4 -4 -4
8 -2 5
7 -7 -7
9 -8 3
10 -5 -8
10 -8 5
2 -6 7
-2 2 6
3 -8 -2
-7 0 8
3 -4 2
-10 8 -4
0 6 1
-3 6 -9
-5 1 -10
-8 1 0
8 3 -6
-8 -4 3
