-8 2 -1
3 -5 7
10 0 -8
4 -1 -3
10 -1 -3
-3 5 3
5 4 -8
-1 -9 1
-7 -2 10
-10 9 2
9 8 9
6 -5 3
3 -1 -2
-4 1 -7
-8 6 -8
-3 -6 -3
7 1 9
-6 7 10
-7 -7 1
-1 1 -9
-10 0 3
-5 -6 8
-1 -9 6
-3 -5 -2
0 -3 -9
-2 4 -1
6 -2 5
-10 9 10
0 3 3
-2 2 9
3 7 5
-10 0 9
-10 -7 10
-1 -10 0
-5 -7 -8
8 -8 -10
2 0 9
-2 -9 6
3 2 1
-2 -5 -10
6 -7 8
-5 8 4
-4 -4 9
-1 -6 -4
0 6 7
2 0 -3
8 8 -3
-1 6 -8
-7 7 -4
0 -3 4
-1 6 6
7 -7 -3
2 7 8
-10 -3 -6
3 10 -7
5 8 -2
1 2 -6
-1 5 -1
9 7 -8
10 10 1
-9 6 8
4 -3 -3
0 10 -8
-7 7 -2
6 4 -4
-3 -7 0
-3 4 -5
-3 -6 3
-6 7 -6
-1 3 10
-4 -6 -1
-2 -1 3
4 -5 6
0 4 1
-6 3 -9
10 1 4
-2 -7 5
-3 1 -8
-7 -10 -5
-10 4 0
2 -1 0
7 8 3
-5 -9 -5
-8 0 8
10 5 -2
10 3 3
-3 9 1
6 -1 -6
7 9 8
3 -4 -9
-8 -7 10
-7 2 -2
6 8 8
-6 -1 10
3 7 4
7 -8 -8
