-7 7 2
4 -10 10
-6 -1 9
-4 10 -5
4 -7 3
-2 3 8
-1 -9 -9
4 -6 -9
-8 2 7
8 -1 9
-7 -7 -5
2 -10 6
-8 7 6
-5 -5 -8
10 -10 -5
-8 -6 0
-2 -2 1
-3 2 4
-2 1 -8
10 8 -1
-4 1 -9
5 -1 2
2 -10 1
-8 0 0
-2 -6 3
-2 -9 2
-4 -10 0
2 -5 6
0 2 5
4 -4 -9
-10 -4 1
-9 -5 -6
0 -1 -5
5 10 9
-6 2 10
4 -4 -9
-9 6 8
-10 0 7
5 -3 -10
-8 4 -6
-7 8 7
0 10 -4
-10 2 8
9 5 -2
-6 3 7
1 -10 -3
-4 -4 -2
6 -1 8
5 -5 -6
5 9 4
9 -8 10
-1 -7 -10
0 0 -6
9 -6 -7
-7 -7 -6
0 1 -5
-10 -5 7
-9 8 3
4 -5 1
-3 6 -5
-1 1 1
-3 7 -1
-7 2 9
-6 5 -3
-8 1 4
7 6 5
2 6 2
0 -9 6
8 6 5
8 -8 2
-10 9 6
-9 -7 -3
-9 -5 0
4 0 -4
6 -4 -6
-8 8 0
6 -8 7
-7 -8 8
-8 -1 9
9 -9 10
0 -10 8
10 10 2
1 1 9
-6 -9 -5
-7 9 2
