-2 8 -10
-7 1 4
-1 -5 -6
3 3 -2
-7 -2 6
-9 10 -9
-2 -5 4
5 3 0
-6 -2 -4
-10 10 3
6 -6 8
-1 -4 -3
8 -5 -6
6 -1 2
0 -4 6
10 -10 -8
-2 5 -6
8 -8 -7
10 -8 2
-9 -6 -7
-2 4 4
8 6 -10
-2 -3 4
8 -7 -9
8 9 -5
-4 10 -7
10 -3 -8
-6 10 1
-4 8 -9
-8 -1 4
-3 7 9
-5 2 -1
2 -6 -10
5 1 -6
-2 10 6
5 7 -7
-1 -8 -3
-1 4 -10
-5 -5 7
-7 -6 -8
2 6 -6
0 -3 1
5 6 -4
0 -4 5
-7 -1 -1
6 -4 -5
-9 -4 3
-7 -1 4
6 3 1
-10 -8 10
3 -9 8
-2 -2 9
10 5 -7
10 4 6
10 -5 -3
-2 -3 10
1 -2 1
1 -9 2
8 -8 -2
6 -10 3
4 -4 4
8 -9 9
7 -8 -2
2 3 3
-10 -10 -1
-8 -1 -8
-2 -5 -7
-9 1 -8
2 -8 -1
9 -3 5
-6 -7 6
-4 8 -7
6 -6 -8
-10 -7 -8
7 8 3
0 0 -10
6 5 7
2 5 -3
