10 7 6
8 2 -8
6 -9 -4
10 1 8
9 7 5
-1 7 -9
9 3 5
-1 10 1
3 -9 4
-10 -2 -4
-2 -10 -3
-4 -4 -10
10 2 -6
6 -9 6
-7 -5 -9
-9 7 9
3 -6 0
1 -6 3
-8 -5 3
-7 8 10
0 2 8
-8 -5 -6
9 -2 -7
7 -6 2
-1 -8 -8
3 -4 4
-8 2 2
-6 -5 -3
-2 -2 4
-6 2 4
7 6 7
-6 8 2
7 -9 7
9 4 -10
-7 9 7
9 7 -2
-2 -1 3
8 8 5
1 5 2
0 7 -1
1 1 -5
8 -9 -4
-7 3 -4
-6 6 -3
-6 4 -10
-8 4 -10
-4 -5 -8
-3 2 3
-9 2 10
-10 -10 -9
5 -2 -9
3 6 7
6 -2 -6
6 0 -2
-7 5 6
8 -7 1
-9 8 9
-10 8 -8
-4 -6 -3
-3 3 -2
-1 -2 4
6 9 -3
3 -9 6
-9 -4 9
-3 0 2
1 0 -5
1 -7 4
-6 -10 -1
-4 -9 -2
2 7 -2
-6 3 -6
-9 8 -9
3 9 6
