9 9 -6
7 -1 -2
6 1 1
4 -2 4
0 -9 -1
-4 10 -4
0 -5 0
-4 -5 2
-8 8 -10
10 6 -7
8 4 -5
3 -2 -5
-9 7 -8
-9 -4 3
-5 -9 3
-10 -10 2
-1 0 -2
-3 2 8
-2 3 0
2 8 9
1 3 8
0 8 0
0 7 -10
-10 -5 2
0 -8 2
0 -8 7
-1 -6 6
5 -7 5
-10 -7 2
1 -6 8
6 -5 -3
-2 -9 1
-3 9 1
-6 -5 -3
-1 10 3
4 -7 -8
1 7 -1
-9 -9 -7
2 -9 -7
-4 0 1
2 3 1
4 -7 8
-4 -3 -1
-10 -9 -10
-10 -5 3
3 -4 -1
-3 -2 9
2 -9 -5
-7 -1 -5
1 10 -7
5 8 1
6 -7 10
-4 -8 -6
-8 -1 -4
-8 10 5
-9 -10 0
10 -7 2
-6 9 9
1 -7 -5
-7 -6 -5
7 -3 3
-1 -8 7
-4 -2 -4
-2 9 -6
-6 -2 -9
-3 5 6
-6 2 -10
1 2 -5
5 2 -4
5 -1 8
2 -8 -7
4 -10 -7
-10 0 -10
2 -7 -2
9 2 -8
6 5 8
-3 -9 6
-7 3 5
6 5 3
8 2 -8
10 7 -10
-10 -10 3
-8 7 10
-7 -1 0
-6 -8 3
1 7 0
4 -9 -1
-4 5 -8
3 -4 -3
-10 -3 -7
9 5 2
6 -10 -6
6 9 9
2 7 0
6 -9 -5
-5 2 -8
0 7 10
6 10 -3
-6 1 4
