-2 -8 -4
3 -4 -1
8 0 3
4 0 3
-2 5 7
1 -4 6
-9 -7 8
-8 6 3
2 2 8
6 3 3
7 7 -4
3 -1 5
-7 -3 4
9 -9 8
0 -1 -10
2 8 -7
-2 -10 0
-6 -2 9
1 6 -4
2 -6 -2
-3 -2 10
-8 4 -7
9 -9 -8
2 -3 -9
6 4 5
-3 -3 -2
9 -5 -5
-8 -3 -2
-8 7 -6
0 2 9
-10 -8 -8
-1 0 -3
-3 9 4
-2 -6 -8
-8 2 10
4 10 0
6 -8 -1
5 9 0
7 -9 -7
3 1 8
-4 6 0
10 3 -8
-6 -5 -2
-5 2 4
1 -9 5
9 -2 -4
-2 7 7
9 -10 -6
-4 -3 -7
-10 -3 6
-4 0 -10
-9 1 -2
-6 -5 -10
-9 -7 10
1 -9 9
3 -5 -8
-8 10 -7
8 3 8
4 8 9
-3 -10 -4
5 3 -3
-7 2 9
10 -10 -5
7 -7 -5
-5 0 8
-4 6 -1
9 -3 -3
8 3 -4
-3 7 2
-3 -9 2
-7 -10 4
9 -7 -5
-1 4 6
6 0 -5
