3 7 -7
-1 10 -9
-10 3 -5
-7 -9 -9
-6 0 -10
-7 -5 -5
-9 10 -5
10 -2 6
6 -5 10
4 -2 -5
-7 1 -7
3 9 -3
-4 9 -4
8 6 3
10 -10 -6
-7 8 10
5 -2 8
-6 2 0
10 8 -2
-7 -5 -7
-2 7 9
-10 -9 8
8 -4 7
10 2 -1
-2 9 2
-2 1 -3
10 5 -3
6 -4 10
2 0 -4
-2 5 -10
0 3 10
-1 -6 -7
2 -2 -5
-6 -1 4
10 2 -7
-6 3 -9
-8 3 9
7 1 -4
-6 7 6
-1 1 2
6 -6 9
8 7 6
2 -10 -7
6 5 3
-7 0 -4
10 9 7
4 9 -3
5 9 -4
7 -4 7
4 7 -7
8 5 8
7 -8 9
1 7 7
-3 3 6
4 -10 -10
1 7 -7
-4 5 7
-6 7 6
4 -2 9
-9 6 -6
4 -6 -6
6 5 -10
-2 -2 -6
9 0 0
-5 5 6
3 2 4
5 -9 8
-8 -1 -1
-9 -3 3
-3 -7 2
1 3 -10
-2 -2 1
6 -5 -6
3 8 -2
-10 8 7
-8 8 -1
5 1 1
-7 -5 7
-7 -5 3
-1 6 6
3 9 0
-2 6 -2
2 -3 0
4 3 6
-5 -7 1
1 -7 0
10 -2 3
-10 -10 0
5 10 -1
-8 -1 -2
3 -7 10
