-6 1 -5
8 -6 -4
10 -10 -6
9 -2 1
3 -7 9
-2 1 1
0 9 7
-9 8 3
-7 0 10
0 10 -10
9 -5 6
1 -7 6
6 0 9
-7 -6 0
-1 -2 -9
-8 -1 8
-1 3 -3
-4 -6 8
9 8 1
-4 5 -10
-2 6 8
8 1 -5
7 7 -8
-8 -1 -7
-1 7 4
2 6 -1
-5 6 -2
4 10 10
3 4 -1
1 9 -5
3 -1 -5
-4 -5 0
7 7 8
-2 -1 4
-7 8 8
-2 7 1
-2 -7 8
6 10 -6
6 -6 -7
-3 -8 1
-9 -10 -10
8 -4 -9
-4 -10 2
-6 8 -9
7 -7 9
-2 9 -7
-1 -1 -3
6 -2 0
7 -1 3
7 7 5
7 9 -5
2 5 4
-3 4 10
-6 8 1
9 -10 -6
0 1 7
-2 6 -5
1 6 -8
4 -6 -4
6 -5 3
-4 -8 -10
-9 7 -6
-7 5 2
-1 6 4
10 -8 -1
-7 9 -6
0 8 10
-10 8 8
8 -1 -10
-8 -1 -1
4 7 -2
1 9 -9
-9 -10 -10
1 6 -7
5 10 -6
9 -5 -1
9 8 -10
-6 1 3
-4 -9 -6
-1 -3 -5
8 5 6
2 6 1
1 -2 6
-9 0 7
0 -7 4
-2 2 7
1 8 -2
0 -3 -10
2 -1 9
7 -9 -8
3 -3 9
-8 -2 -9
-2 1 4
