1 5 -1
-3 -3 -6
-2 5 10
9 3 0
1 5 8
8 -2 7
-9 6 -3
-2 -7 7
-2 -7 3
6 4 -4
7 0 -5
-7 -9 -5
10 -6 -2
0 -5 2
-9 1 2
-7 -6 8
-4 -4 -4
6 -4 -10
7 -3 -7
-4 -5 -1
-5 1 9
-5 -2 0
-3 5 -5
4 -6 7
2 -10 10
0 -1 -9
3 -9 -6
-10 -9 -1
-1 -4 -7
2 4 4
6 6 9
2 -1 2
8 4 -8
0 10 -8
0 7 0
-8 0 8
-10 10 -5
7 -2 -6
8 -3 1
8 0 1
6 8 9
7 -3 4
2 -9 0
7 -3 -6
-6 -4 6
6 -4 -3
4 -3 -6
0 6 -1
-1 -1 6
4 2 -6
-2 10 1
8 2 2
-7 7 -2
-10 1 2
-8 5 -10
1 3 2
-9 -10 3
-10 5 -6
2 3 4
-3 0 -9
-3 -7 -6
-5 10 -8
3 -3 -2
9 -4 3
6 0 5
3 -2 -1
6 -2 -4
2 8 3
5 10 3
10 -8 -4
9 -4 8
8 4 2
5 -5 3
6 -6 -10
-8 -1 10
1 -9 5
10 -10 8
-2 3 -2
-6 -3 3
-9 0 -1
6 -4 -8
-6 -2 5
-4 -10 2
-9 5 -3
-8 4 8
10 -2 7
3 -2 -5
-5 4 -7
-4 10 -10
3 5 5
