6 -8 0
-1 8 5
-7 -8 6
-5 8 -3
-7 6 -7
2 8 -5
0 4 9
1 4 -3
-5 2 -9
-3 -1 3
3 -6 -5
-4 10 -8
-10 -2 3
9 0 -5
7 -6 -4
1 4 3
-3 -6 8
4 -3 3
-4 3 -1
7 0 -4
-5 2 -6
-9 6 -7
3 10 -2
-2 -2 10
10 -1 2
-9 -2 4
7 9 -4
5 5 8
-1 -2 1
-3 -6 -6
1 1 3
7 -6 9
10 9 -8
2 9 -7
-3 10 -9
8 0 -7
10 7 -4
7 -7 -2
-10 8 10
-5 4 -10
-5 -5 6
7 2 10
-5 -7 1
-3 6 10
0 -3 8
8 -3 4
2 3 1
-1 -5 3
5 0 -9
4 -2 1
-7 -9 -1
-9 -5 -6
3 -6 -9
5 4 -6
-7 -1 -3
-10 10 8
1 2 3
5 -3 9
5 2 -2
-6 -4 -6
-10 -5 10
-9 -8 -1
2 -3 9
-8 -6 6
-10 -8 -9
6 -1 3
-2 -10 5
10 -2 0
2 7 9
10 -7 1
-4 -4 -5
-5 10 5
-4 9 1
2 9 -8
3 2 -6
1 9 -1
-5 10 10
10 -4 -8
4 1 9
