10 -6 9
6 -5 -9
-5 2 -6
-10 1 -1
-10 1 -8
-4 7 -8
7 -6 -2
-8 -8 -8
-6 -1 6
-2 2 -8
-1 8 0
-4 -8 6
-4 -7 1
2 1 2
-3 5 6
-3 -2 2
-7 2 10
-6 5 -9
-6 -6 10
6 5 -2
-8 -6 4
-5 9 -4
5 5 10
3 -6 3
8 2 -8
5 10 2
4 -7 -3
10 -9 9
-8 4 -7
7 8 0
9 2 -10
10 -10 1
-6 1 8
-3 9 -3
7 10 1
-8 0 -4
-5 -2 -3
-6 10 7
-3 -2 6
10 3 -7
3 8 0
-6 -10 -6
-3 10 9
-3 6 0
-4 -3 -9
6 -9 10
-7 4 5
1 -4 1
-2 10 -3
-5 0 0
-10 10 1
8 -10 6
-5 6 0
5 1 -8
-2 9 5
-5 -5 -1
-5 5 6
-8 -5 0
-1 3 -8
-5 -5 3
3 9 5
7 -9 6
8 7 8
2 10 -5
2 5 -5
6 5 -6
9 9 10
-7 -7 -6
-10 7 1
9 -2 9
