-3 3 -10
1 10 -6
-6 7 -8
-1 -5 4
-7 6 5
-2 5 -8
3 -7 6
-8 -4 -8
-8 -10 7
-2 -9 -6
7 -6 2
4 -5 -7
2 -5 -8
-3 -6 -5
-2 3 1
1 -10 -8
7 -9 5
-7 -7 9
-6 6 6
9 6 9
8 10 -1
-7 -4 7
9 7 -6
4 2 -2
-8 -3 7
-3 -2 3
-6 4 4
4 7 7
2 -1 0
7 -8 0
8 5 8
-5 -1 6
-3 4 -4
7 8 -6
4 -9 -4
5 -6 9
-1 -8 9
8 -9 -7
-4 6 -5
-1 2 2
8 0 10
-6 2 10
1 5 -8
-7 -7 -8
-7 4 3
7 -9 -10
-2 -7 -4
-7 -5 9
-5 9 -7
-4 -10 3
-3 3 0
8 5 5
8 10 9
5 -7 -1
7 -6 10
8 -9 -1
9 10 -6
-3 -10 -7
-7 3 5
-1 -9 10
-6 -9 7
-8 -9 -1
0 6 -5
6 -2 10
-2 -10 -2
7 -5 4
-4 -1 7
5 -5 -10
1 -2 0
-5 -6 2
-10 3 10
-8 -4 8
1 -3 -9
-2 -2 -10
7 0 10
4 -3 -8
-10 10 9
3 2 8
-10 5 4
-9 9 -6
2 7 9
4 -6 6
6 -7 10
-7 -8 -1
2 9 -2
7 9 8
