3 -5 6
0 -5 4
5 10 5
8 -7 9
9 1 1
4 5 -8
4 -1 3
-1 9 1
3 9 2
-7 0 4
0 -10 7
1 -6 3
-6 10 9
-1 10 4
3 -6 6
5 -3 5
-2 -9 -7
-8 1 5
-8 -3 -7
7 -6 1
-5 8 1
7 0 -10
0 -3 -9
-10 0 5
-10 8 -10
-9 -5 -7
-5 0 -4
5 -6 -1
9 -5 -6
2 -1 4
-1 2 7
5 3 -8
-5 -9 -8
-10 4 -1
-10 -10 8
-6 -10 0
10 -3 -8
0 -1 -7
9 -6 -7
2 8 -3
8 -9 -5
-4 -6 2
3 -4 -1
8 6 3
0 -2 1
8 1 9
-3 8 4
-2 3 -6
-5 10 4
-7 3 -6
2 10 2
9 -4 -2
-1 10 4
-3 9 0
4 8 8
-5 -4 -1
1 -10 -3
-5 -4 -5
-8 7 3
6 -7 -4
7 -6 3
5 -5 2
9 -3 -6
10 -2 2
2 -9 2
-1 4 -8
-7 -2 0
-3 2 3
-6 -5 5
-1 -5 -1
1 3 -8
-3 2 -10
-1 -8 -4
9 -5 -3
5 6 4
8 2 -8
7 -2 0
-8 6 -5
1 1 -9
-1 -3 3
10 8 -9
-6 6 1
-9 1 -8
4 3 -3
5 7 2
2 -8 5
3 -2 6
-6 -5 7
-7 -8 3
10 4 -9
1 8 -6
-2 9 5
1 10 2
-4 3 9
-5 1 1
