-2 1 -4
10 3 -1
-7 -1 -2
-6 -4 -9
2 4 -10
-2 1 7
6 -8 -2
6 5 -5
-10 0 9
-3 8 3
-6 3 6
10 -2 -5
-6 -6 9
5 -1 -5
-9 7 1
-10 -4 3
9 8 -1
9 -3 3
-3 -3 -10
-4 10 -10
-9 3 3
-9 -5 7
-4 6 -4
-7 6 3
-10 -6 10
-4 -10 -10
2 5 8
10 -7 8
2 -2 -2
-1 -1 -3
1 -10 -8
0 0 8
2 2 6
0 -8 -5
-8 -9 8
-5 6 -9
-9 2 -10
-10 6 -4
7 -10 4
-8 1 -3
-2 -4 -5
3 -8 8
1 0 5
7 3 -3
8 -2 0
6 -9 3
-5 -7 10
3 -3 10
6 9 -4
9 0 10
-1 5 9
-1 0 0
-2 -4 -4
1 8 -8
-4 -4 -7
5 -4 9
-2 2 5
7 3 -5
10 0 -6
1 -4 -4
1 -4 -1
3 0 -7
4 -5 -8
4 10 2
1 -3 -10
-2 4 -7
6 8 -6
-5 1 -2
-5 2 9
-4 -8 -3
10 -4 8
2 8 5
-9 -5 -10
2 -5 2
-3 5 -3
-6 -10 2
0 6 4
-7 10 0
-6 -4 -6
2 -4 -3
-9 7 3
6 2 5
-2 1 -2
7 0 5
-6 7 6
8 4 9
-9 0 -3
-3 -4 -6
3 2 -9
