10 6 -5
6 -3 -4
-10 -10 -6
-10 0 2
5 9 0
5 -6 0
-9 0 7
-10 -3 -8
-2 10 -10
7 -8 -6
-10 8 -2
-3 10 -9
4 -1 -5
8 -3 -3
-3 9 9
6 -7 -6
3 -8 7
7 1 -7
-10 -3 5
1 4 -1
6 -5 10
-8 7 -1
5 -9 6
10 9 1
-2 -8 -1
-10 -9 -1
7 -8 -6
1 8 10
10 1 -1
-6 4 4
10 -10 -9
3 -5 -10
-6 -5 -7
-2 -3 5
-6 8 3
3 -8 7
7 8 7
-7 6 8
8 0 9
-10 10 10
9 -4 1
-5 2 -6
-4 -1 10
0 8 -5
10 3 1
7 -9 4
-8 -8 -2
5 1 3
-9 6 9
8 -3 -6
3 -6 6
-5 10 -3
-7 2 -10
7 -4 -1
-10 -4 7
-4 8 -7
2 9 0
6 -9 0
-4 3 -10
2 -8 -3
-6 3 -1
2 -4 -4
10 3 7
-5 -4 -7
-9 8 10
7 -6 -7
-2 6 -4
5 -8 7
2 10 8
-8 -9 2
8 9 -7
